=== dense, rho=1.0 — classification report (5000 held-out digits) ===
              precision    recall  f1-score   support

           0     0.9288    0.9725    0.9502       510
           1     0.9323    0.9908    0.9606       542
           2     0.9543    0.9195    0.9366       522
           3     0.9325    0.8492    0.8889       504
           4     0.9109    0.8592    0.8843       476
           5     0.8927    0.8968    0.8947       436
           6     0.9463    0.9648    0.9554       511
           7     0.8932    0.9238    0.9082       525
           8     0.9218    0.8841    0.9026       440
           9     0.8270    0.8596    0.8430       534

    accuracy                         0.9134      5000
   macro avg     0.9140    0.9120    0.9125      5000
weighted avg     0.9139    0.9134    0.9131      5000


=== wta, rho=1.0 — classification report (5000 held-out digits) ===
              precision    recall  f1-score   support

           0     0.6060    0.5941    0.6000       510
           1     0.7420    0.9022    0.8143       542
           2     0.5819    0.4425    0.5027       522
           3     0.5473    0.5397    0.5435       504
           4     0.5098    0.4370    0.4706       476
           5     0.4509    0.5367    0.4901       436
           6     0.6026    0.6262    0.6142       511
           7     0.5385    0.6133    0.5735       525
           8     0.5032    0.3523    0.4144       440
           9     0.4460    0.4869    0.4655       534

    accuracy                         0.5588      5000
   macro avg     0.5528    0.5531    0.5489      5000
weighted avg     0.5561    0.5588    0.5534      5000
