=== sparse k=4, rho=0.6 ===
              precision    recall  f1-score   support

           0     0.7425    0.8196    0.7791       510
           1     0.8904    0.9446    0.9167       542
           2     0.8140    0.7548    0.7833       522
           3     0.6892    0.6687    0.6788       504
           4     0.7137    0.7122    0.7129       476
           5     0.6667    0.5826    0.6218       436
           6     0.8842    0.8669    0.8755       511
           7     0.7595    0.7581    0.7588       525
           8     0.5802    0.6000    0.5899       440
           9     0.7016    0.7266    0.7139       534

    accuracy                         0.7494      5000
   macro avg     0.7442    0.7434    0.7431      5000
weighted avg     0.7489    0.7494    0.7484      5000
